# Bundle file v0.3
20 4079
1209.94714355 0 0
0.885528140501 0.442077637975 0.142868202129
-0.174729506433 0.0319659002355 0.984097963697
0.430479669581 -0.896408054335 0.105550467777
1.1185699839 0.0143102864077 0.599801447306
1212.98010254 0 0
0.91113318102 0.376694342007 0.167146954536
-0.258436671404 0.206343177198 0.94373251372
0.321009496079 -0.903063787226 0.285357805598
1.49334604604 -1.0377291202 0.605169030047
1212.81591797 0 0
0.938709226258 0.272750126066 0.210794019499
-0.263747208602 0.174550434883 0.948666796378
0.221954750696 -0.946118449645 0.235789044735
2.05673730592 -1.05453363623 0.398369926753
1213.19311523 0 0
0.987035961359 0.15098892429 0.0544342068688
-0.064694075346 0.0638893517957 0.995857581184
0.146885462861 -0.986468730283 0.07282913971
2.74580800217 0.16111873049 0.306621202732
1204.91662598 0 0
0.96767264176 0.174114330636 0.182467148042
-0.150463375199 -0.182089295118 0.97170239435
0.202413037368 -0.967743674921 -0.150004591241
2.52867533617 1.04988314797 0.226098436356
1209.55322266 0 0
0.869372871783 0.425285283582 0.251642603645
-0.171033395346 -0.218799575646 0.960663796438
0.463615236998 -0.878214061183 -0.117480402786
1.07667352044 1.0015793955 0.271856450423
1216.98718262 0 0
0.891086888226 0.384967473597 0.240341268762
-0.0772211601028 -0.393244471907 0.91618580807
0.44721456687 -0.834960412896 -0.320687296244
1.48690387768 2.14704818529 -0.010819581009
1243.70959473 0 0
0.985818241685 -0.167259169807 -0.0136681082263
0.0577339163746 0.261547663132 0.963462261661
-0.157573107283 -0.950587940472 0.267494912354
4.1719731857 -0.0238395395029 -1.26326700338
1232.765625 0 0
0.984542107899 -0.175147680366 -6.93889390391e-018
-0.00139794265568 -0.00785756864489 0.999968077648
-0.175141995688 -0.984510794337 -0.00798095139233
4.09506593126 0.598436804216 -1.24552298009
1224.98632813 0 0
0.982168679963 -0.187651106996 0.0114781767317
-0.0538835011737 -0.2224839303 0.973446297711
-0.180114473617 -0.956706889897 -0.228627984195
4.07978252295 1.57469124566 -1.19484126282
1295.14819336 0 0
0.975545737863 -0.219328113814 -0.0143406987788
-0.0495217153516 -0.282896854252 0.957871046845
-0.214145035855 -0.933736864857 -0.286840333285
4.14786815541 2.08029779201 -1.5686075089
1372.6550293 0 0
0.97710474118 -0.211197344317 -0.0257288320542
0.0841083372919 0.272357880804 0.958512898328
-0.195427915518 -0.938731548429 0.283885639397
4.14479713695 -0.726816890866 -1.46862875487
1375.26794434 0 0
0.906659812186 -0.41369459465 -0.0826124752496
0.0890435275232 -0.00375046699394 0.996020689374
-0.412358184069 -0.910408020686 0.0334364111724
5.00395363058 0.824837270349 -2.75792984428
1457.45654297 0 0
0.823036185067 -0.567319920705 -0.0275594945647
-0.0314589995205 -0.0939782019814 0.995077125707
-0.567117067974 -0.818117461523 -0.0951947762272
5.26475163249 1.05861831283 -3.7724235858
1445.5715332 0 0
0.771939008481 -0.620041177764 -0.140210789685
0.138092978568 -0.0517360942575 0.989067093631
-0.620516296231 -0.782861585353 0.0456862186119
5.47371676356 1.16498662586 -4.42808160709
1256.21264648 0 0
0.662321533357 -0.718402344825 -0.212669271338
0.216887669364 -0.0878548728497 0.972235174631
-0.717140109929 -0.69005767309 0.0976244481208
5.26192741151 1.72214126884 -4.17044376665
1141.27124023 0 0
0.660967921668 -0.721456838996 -0.206449478825
0.356559587977 0.0598660093708 0.932352565045
-0.660292816325 -0.689866686588 0.296811901064
5.24067536896 1.33939164385 -3.38619508141
1182.83007813 0 0
0.698007168898 -0.677045352701 -0.233228636865
0.366847132292 0.05837311471 0.928448030278
-0.614987161823 -0.733622652949 0.289116973309
5.16806076846 1.24554290719 -3.1771265874
1643.35290527 0 0
0.960253498828 -0.27051853091 -0.068796557049
-0.0626315038413 -0.449000134112 0.891333919898
-0.272011981935 -0.851597695082 -0.448096921973
4.12474355904 2.21626364804 -3.51967636714
834.39050293 0 0
0.920481094977 -0.38176261909 -0.083497456501
-0.103070981197 -0.443271575563 0.890441839492
-0.37694944743 -0.811028729331 -0.447371752113
4.93494244828 2.00530570927 -2.1423786946
-4.4876632792 5.16639896656 -2.54918356507
87 48 42
2 8 156 -278.908447266 -451.412841797 9 227 -351.545074463 -480.188232422
-2.58637656005 3.71253590634 -2.35354639837
206 197 188
3 0 12 39.9246826172 -520.251098633 1 15 41.141418457 -529.507446289 2 14 42.2298583984 -566.767456055
-2.4125871357 3.43412559084 0.0411867630416
181 177 166
2 0 199 176.23840332 202.931335449 5 315 140.146728516 220.619995117
-2.82999576955 2.87875808726 -0.758617325268
35 37 36
6 0 28 -81.7807617188 -54.3187866211 1 19 -50.7522583008 -166.734191895 2 21 9.22607421875 -203.269470215 3 25 140.073242188 -89.7911376953 4 17 62.237487793 85.5769042969 5 28 -120.486450195 42.5653076172
-4.80794406082 4.03834857446 -2.84369011042
208 211 197
2 2 62 -467.999084473 -426.643676758 7 55 -300.621368408 -494.425048828
-2.91782282021 2.83033603085 -0.926387594429
178 175 164
7 0 44 -127.972290039 -109.198059082 1 46 -98.0892944336 -222.023681641 2 37 -40.2793579102 -258.521972656 3 35 96.8987426758 -157.718322754 4 39 11.7017211914 29.5758666992 5 51 -171.870300293 -3.02416992188 6 40 -87.1278381348 146.09362793
-1.69181156422 8.57658510498 -2.04368132029
42 36 35
2 0 62 477.151184082 -218.502380371 1 57 421.397155762 -112.464660645
-2.15709774341 3.4377133622 0.142917750784
146 136 126
5 0 74 268.106262207 232.542510986 1 73 328.278564453 141.494689941 3 78 413.368225098 237.8175354 8 127 401.836669922 208.18536377 9 131 398.993286133 320.620605469
-2.15437857826 3.42909401275 0.140526238827
146 136 126
9 0 75 268.106262207 232.542510986 1 74 328.278564453 141.494689941 2 71 372.094238281 90.9224853516 3 79 413.368225098 237.8175354 4 89 367.073791504 303.270385742 5 91 226.687805176 246.675567627 6 91 291.631774902 348.265991211 8 126 401.836669922 208.18536377 7 114 449.776733398 265.821594238
-2.1779293312 3.46673169975 0.0534198057739
177 169 158
6 0 83 257.663330078 198.690551758 1 89 315.023254395 110.254516602 2 79 353.295654297 62.8671875 3 77 398.648498535 203.387939453 4 84 349.84387207 271.627502441 5 97 213.567138672 215.578948975
-1.31658591009 5.08163572072 -2.54592928098
190 171 163
2 1 2715 430.37689209 -497.541381836 11 4147 378.877990723 -386.467895508
-1.76065177956 4.99190526898 -2.61131584964
190 181 174
4 0 103 352.22668457 -526.134277344 1 94 315.236694336 -478.047485352 2 92 280.210632324 -507.452880859 3 98 394.314147949 -486.572631836
-1.72386795839 5.19339187789 -2.57264076214
185 176 170
4 0 102 371.737915039 -499.844116211 1 99 332.275817871 -446.987548828 2 93 293.001098633 -477.74621582 3 102 395.797607422 -460.512084961
-2.08551418872 3.52055133253 -0.0435958840896
131 122 112
6 0 132 290.082763672 159.103271484 1 103 342.150512695 69.4212646484 2 123 375.983154297 24.1547851563 5 129 242.463378906 174.325927734 6 145 309.096923828 280.886169434 3 147 425.546508789 168.280761719
-2.58082640277 3.04004080701 -0.499801197948
193 190 179
6 0 142 39.5286865234 26.1585693359 1 105 78.5710449219 -84.1451416016 2 112 136.596801758 -121.355957031 3 130 246.933349609 10.456237793 4 155 180.185546875 152.22442627 6 168 84.1887207031 238.376312256
-3.04793662136 2.86507757671 -0.447512356853
99 102 91
4 0 128 -136.622497559 72.7593994141 1 106 -110.136047363 -32.6456298828 2 97 -46.474822998 -68.4942626953 3 99 59.4938964844 39.3768310547
-1.27961399493 5.20056441923 -2.51115217684
174 146 135
2 1 2731 443.240112305 -477.671508789 11 3998 374.865966797 -366.533935547
-1.47647423268 5.55348529043 -2.45373295971
173 169 157
5 0 120 451.219421387 -461.144165039 1 122 405.729858398 -403.358154297 2 118 357.340698242 -431.659301758 3 134 442.633666992 -405.952392578 5 177 381.698181152 -581.496337891
-1.52908975622 5.90132067196 -2.38041511074
159 130 116
3 0 101 448.017700195 -413.677124023 1 126 402.934997559 -348.877685547 2 158 348.924743652 -379.029663086
-2.69901927076 3.00761286423 -0.390464077551
97 99 86
6 0 145 0.984619140625 72.2449951172 1 129 39.5601806641 -34.5836181641 2 99 101.856201172 -72.3071289063 3 107 206.186340332 54.883972168 5 250 -30.7158508301 145.566894531 6 364 48.8090820313 277.666442871
-2.66741745885 3.00359395538 -0.45833835857
195 191 180
7 0 152 7.49066162109 46.1563110352 1 130 45.4716796875 -63.2387695313 2 131 105.687316895 -100.774230957 3 142 213.496398926 27.2440795898 4 160 149.217285156 175.789489746 5 184 -25.4868164063 122.282104492 11 212 321.969543457 -204.282104492
-1.35085484477 5.71550400573 -2.42033737177
181 160 153
5 0 138 486.649169922 -451.668823242 1 134 437.439697266 -389.569213867 2 145 386.189025879 -417.354980469 3 140 465.659729004 -388.255615234 5 154 423.845092773 -578.203979492
-2.54182177672 3.07803169302 -0.458157876927
100 102 89
5 0 163 60.4986572266 38.5482788086 1 142 100.476928711 -69.3654174805 2 144 157.04107666 -106.953125 5 260 22.0935668945 108.825622559 4 341 197.879272461 161.39642334
-1.64231643801 5.03310774851 -2.58738523385
179 142 133
6 0 144 385.460632324 -528.579101563 1 144 346.48425293 -478.623413086 2 154 308.911865234 -507.019897461 3 152 422.845825195 -482.405395508 4 161 362.331970215 -573.896118164 5 162 311.94519043 -627.385864258
-2.84454490134 2.9440935802 -0.350878507759
104 107 93
6 0 198 -55.4618225098 95.1148681641 1 153 -18.9381103516 -10.1171264648 2 165 46.0407104492 -48.0698852539 3 182 146.266479492 72.0619506836 4 276 86.19140625 230.672271729 5 419 -81.4271850586 171.39453125
-1.46572872326 5.40952170674 -2.50612140321
169 137 129
8 0 153 445.917541504 -487.948852539 1 157 402.236938477 -430.935791016 2 171 356.081176758 -458.930419922 3 172 451.125854492 -430.861938477 4 186 399.597167969 -538.460083008 5 186 375.75390625 -602.472045898 8 228 342.547912598 -387.805175781 7 202 342.811340332 -201.698913574
-4.51098112797 4.40988651764 -2.72896785462
217 209 201
4 3 55 -299.48449707 -501.035644531 7 46 -225.693572998 -403.480957031 8 55 -296.383178711 -572.46875 12 44 -186.577514648 -634.534301758
-2.16804342531 4.08191035582 -2.71021135243
121 113 105
3 0 99 179.863647461 -619.861083984 1 167 163.283508301 -596.368408203 2 273 151.202758789 -632.797729492
-1.61389179829 5.2959683292 -2.53964174475
173 146 134
5 0 165 403.892822266 -492.740722656 1 170 363.068847656 -438.01940918 2 186 320.208190918 -467.47253418 3 191 419.895935059 -446.043701172 5 176 333.784606934 -601.283325195
-3.64159091154 2.81629373809 -0.37816449534
119 122 108
3 0 348 -314.512573242 127.682434082 1 193 -314.107666016 47.8392333984 2 180 -259.362823486 14.8895263672
-1.45464315051 5.23384249849 -2.53681892159
200 190 182
7 0 193 444.321838379 -513.780029297 1 201 399.129333496 -460.429443359 2 208 356.399902344 -486.92590332 3 202 460.874145508 -455.236083984 4 231 408.484558105 -558.682739258 5 239 375.578735352 -624.295532227 6 259 479.767700195 -642.00402832
-1.87203214437 4.92073674289 -2.63776261995
184 178 170
5 0 219 317.104309082 -529.165893555 1 205 285.34967041 -482.405517578 2 218 251.86907959 -512.42578125 3 211 368.09197998 -498.796508789 5 284 239.147094727 -620.239135742
-3.27403770755 2.78700565604 -0.502884550153
201 199 189
3 0 202 -224.276702881 64.790222168 1 210 -205.421081543 -35.9091796875 2 213 -142.179870605 -70.8923339844
-1.27044503742 5.65846556425 -2.41982398204
188 179 170
3 0 225 505.748413086 -463.481323242 1 219 455.731079102 -402.460205078 2 220 403.155212402 -430.121826172
-2.75766308808 2.97106736926 -0.370596369643
114 114 101
3 0 366 -23.7662353516 82.825378418 1 220 15.1881103516 -23.9385375977 2 253 78.5275268555 -62.4809570313
-1.81361696852 5.24964468213 -2.5565541109
159 131 120
6 0 228 351.291442871 -483.270385742 1 221 314.49230957 -428.645629883 2 237 274.576599121 -459.71875 3 219 372.398986816 -446.610839844 4 262 311.025024414 -538.273925781 5 271 278.324829102 -586.852294922
-1.60055019302 8.64318938665 -1.96113814346
44 32 33
2 0 248 495.581420898 -208.00189209 1 227 439.312438965 -102.396789551
-2.06144714471 4.8624717083 -2.64865383989
166 158 148
4 0 252 266.724853516 -520.212524414 1 237 237.126037598 -473.948852539 2 232 207.255554199 -505.472045898 5 311 185.61328125 -605.957641602
-1.9317671416 5.15579758295 -2.59413396746
156 131 120
5 0 218 316.192077637 -489.729492188 1 239 282.372680664 -437.648071289 2 281 245.622192383 -467.936767578 3 249 348.19909668 -462.312988281 4 229 279.960021973 -546.982055664
-2.92556889782 2.82973665731 -1.13729975476
166 157 148
4 0 260 -140.47555542 -183.590515137 1 243 -111.522125244 -292.615966797 5 294 -194.991363525 -74.448425293 6 304 -115.167633057 79.0838623047
-2.11355515348 5.07308672525 -2.59987424736
134 113 106
3 0 257 268.069335938 -483.265136719 1 244 237.326171875 -432.830200195 2 248 203.892883301 -464.006103516
-2.69767907949 2.94350940264 -0.74085922357
157 154 148
6 0 258 -27.8806152344 -55.2349243164 1 254 7.65026855469 -167.839233398 2 275 66.3851928711 -204.326782227 4 266 117.518737793 77.6895141602 5 275 -70.8438110352 37.1583862305 6 239 12.6271362305 184.616394043
-2.24564274726 3.45260586366 -0.0664063597564
161 154 145
7 0 312 226.613769531 158.106140137 1 268 276.048583984 72.6480712891 2 278 316.390625 27.0726318359 3 259 372.653930664 162.036621094 4 329 321.578369141 237.308044434 5 418 182.868713379 181.693725586 6 389 253.797241211 284.853973389
-2.13572369194 4.89059167357 -2.64729914137
141 113 105
3 0 274 250.609619141 -508.73815918 1 293 221.357421875 -463.229980469 5 324 167.37322998 -594.171020508
-2.72728722554 2.97164337691 -0.42468197226
192 186 176
5 0 339 -16.0550537109 62.210144043 1 297 21.893737793 -47.1466064453 4 249 127.297119141 193.708374023 5 476 -45.6478881836 140.656066895 6 335 33.826171875 274.45098877
-2.20470098968 3.47974925046 -0.0978992543409
157 148 139
6 0 318 241.147521973 145.297058105 1 308 290.753173828 57.2793579102 3 251 384.204772949 152.249572754 4 318 335.220336914 223.837463379 5 335 197.396179199 167.680114746 6 360 266.487060547 274.68560791
-2.30531135417 3.38752092717 -0.145721004037
138 136 123
4 0 437 195.23840332 134.504638672 1 318 242.172851563 45.2984619141 2 345 285.60357666 2.11254882813 3 493 352.382263184 136.420837402
-2.60435639865 3.07628319361 -0.375339501876
93 95 82
4 0 329 43.5744628906 72.1744995117 1 325 83.5946044922 -32.5560302734 2 297 142.554870605 -71.3850097656 5 392 9.619140625 139.431213379
-2.93815666208 2.79723160323 -0.799962353667
141 140 128
7 0 332 -133.908599854 -63.7287597656 1 328 -104.486450195 -179.960327148 2 360 -41.6103210449 -215.946533203 4 368 10.3196411133 82.1153564453 3 332 92.5674438477 -109.641357422 5 341 -171.181396484 42.1345214844 6 346 -89.6929016113 192.712463379
-2.11088208861 5.21730956435 -2.56825821248
134 116 110
2 0 378 279.103881836 -462.448242188 1 332 245.246887207 -409.6953125
-3.09067888627 2.81289749238 -0.539182846799
108 109 97
5 0 354 -163.685241699 42.2417602539 1 335 -139.784240723 -66.2747192383 2 332 -77.4849243164 -103.643310547 4 295 -26.2089233398 190.629760742 5 379 -185.7421875 135.874816895
-3.84731541743 3.28297584198 -3.12713923559
116 111 110
2 2 8094 -383.067749023 -706.627075195 7 5307 -35.1664428711 -668.328979492
-3.94102012043 2.50186852644 -0.881080132678
188 184 173
3 3 462 -353.212890625 -130.388427734 8 469 -92.5333862305 -124.24395752 9 470 -124.143493652 172.685668945
-1.64120686885 5.55380288759 -2.48088469373
167 160 151
5 0 397 408.949462891 -453.054321289 1 340 365.633361816 -393.701904297 2 351 318.383850098 -426.237548828 3 350 403.413391113 -407.603271484 4 432 350.052307129 -511.432006836
-2.36292647327 3.19398726318 -0.678587016539
84 82 72
3 0 296 123.92175293 -49.7570800781 1 342 162.756103516 -154.790710449 4 282 250.014160156 62.0319824219
-2.81824571516 2.88326875087 -0.892823329842
102 99 88
3 0 575 -85.2981872559 -102.730407715 1 357 -51.5154724121 -214.283691406 5 441 -131.023254395 -2.05157470703
-2.81113220657 2.91564965583 -1.01150586455
129 122 112
2 0 352 -83.0726928711 -144.451965332 5 293 -132.394317627 -44.3758544922
-1.36153937396 5.09017048598 -2.57890297299
176 144 132
6 0 404 464.144714355 -548.231567383 1 360 417.79876709 -497.32800293 2 348 376.605163574 -523.036376953 3 348 494.102172852 -483.526123047 7 313 386.151428223 -241.185241699 11 169 367.510803223 -392.658203125
-1.56534791798 5.43269417689 -2.50625299575
180 166 159
5 0 403 422.606933594 -476.837280273 1 364 379.307800293 -420.543579102 2 465 333.660949707 -448.228027344 3 396 425.860656738 -424.353149414 4 883 371.485839844 -529.500732422
-3.38896168544 2.9051228759 -0.151654164162
112 114 100
3 0 419 -216.376983643 192.239379883 1 365 -201.782714844 114.012634277 5 493 -215.510650635 254.293884277
-3.17081095647 2.8198640616 -0.436150731955
127 131 117
6 0 433 -184.342071533 82.7789306641 1 369 -160.291656494 -18.4638061523 2 350 -95.4921264648 -54.7661743164 3 346 8.40020751953 45.5125732422 4 616 -49.4539489746 231.015258789 5 666 -199.154937744 170.856567383
-1.44870707316 6.01354398955 -2.33108748203
212 208 201
2 0 491 471.331542969 -401.168701172 1 396 424.788085938 -335.278930664
-1.58512800125 4.96331464302 -2.61452534529
204 197 191
6 0 410 396.180114746 -548.615478516 1 410 357.144958496 -500.575927734 3 357 440.811523438 -498.640380859 4 541 377.932861328 -589.684570313 5 451 321.338317871 -646.444824219 11 308 340.802612305 -417.643554688
-3.15239701648 2.85247472744 -0.374802923739
123 127 113
2 0 499 -168.313720703 103.942565918 1 413 -144.258361816 4.65277099609
-3.15239701648 2.85247472744 -0.374802923739
123 127 113
2 0 500 -168.313720703 103.942565918 1 414 -144.258361816 4.65277099609
-2.58338276186 3.07147224398 -0.408684040623
127 128 116
5 0 578 47.4508666992 58.9280395508 1 423 88.410949707 -47.2908325195 2 414 146.662597656 -85.6534423828 3 471 249.00213623 45.189453125 4 889 184.97052002 181.469177246
-2.56388949686 3.03629762617 -0.625927651317
164 159 149
6 0 388 36.6628417969 -20.9618530273 1 428 75.6423339844 -130.051391602 3 330 251.39831543 -40.2662353516 4 375 179.189880371 104.718444824 5 427 -6.78466796875 59.4030761719 6 416 77.1685180664 201.439086914
-2.56408189959 3.04019966724 -0.625452527745
164 159 149
6 0 387 36.6628417969 -20.9618530273 1 429 75.6423339844 -130.051391602 2 379 132.647644043 -167.19354248 3 331 251.39831543 -40.2662353516 4 374 179.189880371 104.718444824 6 415 77.1685180664 201.439086914
-2.3536994103 3.39277579607 -0.102410579355
148 149 134
4 0 520 181.917114258 151.856140137 1 434 228.968566895 65.4572143555 2 415 271.959289551 21.9094848633 5 839 142.454956055 181.051879883
-3.10024645346 2.95315746369 -0.132963863523
135 137 123
3 0 858 -122.035339355 185.322875977 1 441 -94.3998718262 97.1254272461 2 377 -29.3964538574 59.5733032227
-1.27195885165 5.16802107547 -2.53603320694
178 136 130
8 0 385 492.592651367 -538.813964844 1 442 443.497619629 -486.534301758 2 450 399.491271973 -512.132202148 3 456 511.23059082 -468.915893555 5 375 425.064697266 -650.346435547 7 883 396.895019531 -226.285888672 8 963 402.014160156 -409.091796875 11 480 380.194519043 -374.083496094
-3.1207514639 2.69463306622 -1.11845604225
188 180 169
7 0 474 -226.625091553 -168.898986816 1 445 -203.028656006 -283.267089844 2 395 -147.128845215 -322.759155273 3 333 5.48449707031 -242.728515625 4 447 -95.4844360352 -24.395690918 5 499 -274.709777832 -46.9564819336 6 437 -193.016815186 111.356994629
-2.55444394749 3.04561015579 -0.658473725494
193 189 178
5 0 571 39.0219116211 -32.8388671875 1 452 77.8952026367 -142.766540527 3 510 253.871765137 -51.9169921875 5 439 -4.41766357422 47.4443969727 6 430 78.8787231445 189.405029297
-3.71191896265 2.45998135202 -1.07513847462
157 149 139
7 0 483 -455.863433838 -116.686889648 1 464 -449.043548584 -231.424133301 2 422 -399.502624512 -272.444213867 3 329 -270.333526611 -230.705322266 4 365 -370.384887695 52.3480224609 5 529 -485.238067627 24.2055053711 6 587 -413.526092529 178.759643555
-2.07669183628 3.46859820582 0.0216896540012
159 149 139
2 0 845 291.804870605 182.209655762 1 470 349.697692871 90.2853393555
-2.8129771836 3.0111878168 -0.221754579553
138 140 126
3 0 660 -26.7021484375 139.489135742 1 472 11.2004394531 39.9412231445 2 452 73.8400878906 0.955993652344
-2.31562809031 3.2345908898 -0.474089326676
114 112 100
5 0 449 156.02166748 20.5286254883 1 476 198.626220703 -83.6071777344 2 523 245.778259277 -122.106201172 4 538 278.798339844 126.98248291 5 559 108.663696289 79.3414916992
-2.29816937698 3.32525182932 -0.82180243293
142 135 125
3 0 406 152.851501465 -100.506713867 1 494 186.496765137 -192.52331543 5 402 95.2138671875 -41.0638427734
-2.82652896905 2.84421139473 -0.686702512693
214 216 215
2 1 3484 -49.6586914063 -145.932861328 7 3737 310.648498535 -35.3847045898
-1.88278466501 5.25295314641 -2.56361281675
168 162 152
5 0 504 334.35949707 -478.168457031 1 498 298.411132813 -423.756713867 2 407 259.54119873 -455.38684082 3 450 355.97088623 -446.042236328 5 515 260.834838867 -579.961547852
-3.37260820141 2.55708503037 -0.915723472306
200 194 185
8 0 591 -325.328979492 -81.1217041016 1 503 -308.769897461 -201.495361328 2 425 -248.051818848 -240.08782959 3 454 -106.910247803 -160.197265625 4 828 -196.912689209 87.4546508789 8 827 127.593017578 -129.143371582 7 744 158.34564209 -157.417480469 9 649 118.829956055 128.318115234
-2.37008929627 3.20648459701 -0.47226658367
92 92 79
4 0 556 134.08392334 23.8041992188 1 512 176.034851074 -79.6497802734 2 500 225.983398438 -118.13684082 3 424 326.091247559 19.7028808594
-2.45846579398 3.28740755032 -0.144820127302
144 146 132
2 0 861 132.355957031 143.966125488 1 516 178.119689941 53.08984375
-2.94799207991 2.81930751372 -1.10380851938
140 131 122
7 0 651 -148.535552979 -170.921447754 1 539 -120.80581665 -279.859741211 2 455 -65.2864379883 -318.208862305 3 582 83.7659912109 -230.875793457 4 493 -14.0454711914 -38.5471191406 5 566 -200.28012085 -61.0101928711 6 492 -118.727081299 92.6815185547
-1.36668387348 5.52095149445 -2.4667593357
158 129 119
6 0 674 476.342224121 -477.54309082 1 561 429.115234375 -419.447753906 2 449 380.559448242 -446.440429688 3 688 467.91809082 -415.908691406 4 980 421.58581543 -527.575561523 5 712 412.74230957 -597.113769531
-3.21574020688 2.64440210845 -1.06809671385
197 192 180
2 4 671 -135.641082764 6.03283691406 5 999 -307.702331543 -18.8048706055
-2.84927263605 2.88641001523 -1.1188138412
165 156 147
2 0 465 -104.995880127 -180.771179199 1 569 -76.2255554199 -286.885925293
-2.91907230037 2.81437675507 -1.06252967297
169 162 152
4 0 558 -137.624420166 -159.257263184 1 571 -109.678039551 -270.264038086 2 501 -53.1754760742 -308.665283203 3 305 95.2624511719 -215.976745605
-1.47961625425 5.03155088146 -2.58209944549
165 127 120
9 0 773 429.70135498 -543.44519043 1 578 387.231872559 -494.609985352 2 560 348.194213867 -520.26940918 3 506 464.860290527 -486.90625 4 848 407.283691406 -585.116577148 5 883 357.087890625 -647.330322266 6 1022 465.661865234 -656.221069336 7 586 371.016174316 -248.68762207 8 807 374.893737793 -430.369384766
-1.54649278717 5.0127298296 -2.59341920931
169 138 124
9 0 526 410.474853516 -541.602172852 1 581 369.217346191 -492.689819336 2 557 331.644958496 -519.687988281 3 610 448.86529541 -489.350219727 4 653 389.048339844 -584.360473633 5 578 337.842651367 -642.380981445 7 722 360.896118164 -252.695129395 8 1241 363.815979004 -434.181518555 11 559 342.680419922 -406.62121582
-3.6555761759 2.46242529494 -1.11124906479
155 147 137
4 0 609 -441.640228271 -134.701721191 1 587 -433.397247314 -249.742492676 2 416 -381.895141602 -291.960693359 3 320 -245.101989746 -246.773864746
-2.56272881626 3.10920377856 -0.355063699517
120 122 109
4 0 624 62.5641479492 77.1744995117 1 590 105.750854492 -26.9938354492 4 773 195.114501953 195.441223145 5 735 25.9808349609 140.665100098
-2.40815884361 3.16247171162 -0.538396094906
117 119 106
5 0 626 110.646972656 1.36175537109 1 591 152.943359375 -102.750976563 4 593 243.642211914 117.248413086 5 602 66.2024536133 69.1728515625 6 716 148.14831543 204.551757813
-2.85717261896 2.85080571338 -0.989179491353
172 165 155
5 0 602 -107.703643799 -135.217224121 1 594 -77.3840637207 -247.639648438 2 479 -21.6041870117 -285.635559082 5 589 -155.625762939 -29.3076782227 6 513 -72.5930175781 123.538085938
-3.01183463042 2.90612750477 -0.277689689917
99 101 87
3 0 934 -110.475463867 130.588256836 1 608 -80.4965820313 31.5625610352 3 602 79.4359741211 106.371582031
-2.43775980484 3.14032022427 -0.583503184875
100 100 88
5 0 729 96.6292114258 -12.3863525391 1 620 136.250976563 -118.926574707 2 515 187.104675293 -155.656677246 5 1180 50.7116088867 58.4556274414 6 1368 133.285949707 195.712341309
-2.95340926226 2.83169177883 -0.698073270874
227 222 199
5 0 629 -127.137023926 -24.1925048828 1 622 -97.5395812988 -136.668151855 2 825 -34.6455993652 -173.843017578 4 999 15.2858886719 118.754150391 6 765 -78.5996398926 218.574188232
-2.43842517418 3.1970107152 -0.298895277281
84 85 72
5 0 669 119.180664063 89.7634277344 1 623 164.72857666 -10.9426879883 2 773 216.051147461 -52.071105957 3 778 304.089050293 84.8472900391 5 888 80.7228393555 144.405029297
-2.43842589691 3.19701516446 -0.29889670911
84 85 72
5 0 670 119.180664063 89.7634277344 1 624 164.72857666 -10.9426879883 2 774 216.051147461 -52.071105957 4 757 246.650939941 199.875488281 5 889 80.7228393555 144.405029297
-2.57302731943 3.12131593464 -0.288317581609
127 129 115
5 0 525 65.0614013672 99.9938354492 1 627 107.207824707 0.58349609375 2 680 164.1015625 -39.6066894531 5 657 31.963684082 159.865539551 6 1066 109.202880859 285.294799805
-1.57961296095 5.03574328239 -2.58408763422
199 189 180
5 0 623 403.02331543 -533.409423828 1 637 362.553833008 -483.267211914 2 665 323.878540039 -513.126098633 3 499 439.203369141 -482.501220703 4 637 378.892700195 -577.041503906
-3.0066226833 2.94946022663 -0.214607593316
137 141 126
3 0 956 -96.2745056152 153.046020508 1 643 -68.3164978027 56.5833129883 2 544 -2.63293457031 19.4597167969
-1.90620120455 8.48890180729 -2.12590951313
236 64 84
2 0 743 438.150085449 -224.603942871 1 646 384.489501953 -118.002807617
-1.30968378427 5.53677189395 -2.45859228107
153 128 120
3 0 777 492.508300781 -479.314453125 1 647 442.911682129 -420.663574219 2 843 392.81829834 -448.140991211
-3.51703845029 2.96417616098 -0.0696110599229
121 121 108
3 0 821 -237.054504395 222.933990479 1 648 -228.403289795 157.891967773 2 536 -171.481506348 122.889221191
-3.51703845029 2.96417616098 -0.0696110599229
121 121 108
3 0 822 -237.054504395 222.933990479 1 649 -228.403289795 157.891967773 2 535 -171.481506348 122.889221191
-2.99224931863 2.75807950985 -0.842035274262
198 194 183
5 0 708 -161.303619385 -75.8248901367 1 654 -131.919891357 -193.536376953 2 510 -70.0093688965 -230.102844238 5 683 -199.255767822 35.831237793 6 709 -115.665649414 188.441772461
-2.4171057352 3.19528134586 -0.321231983576
142 144 131
7 0 649 125.49017334 80.2747192383 1 665 169.471191406 -21.6015014648 2 745 222.135314941 -61.5153808594 3 690 312.528991699 76.0120849609 4 813 252.281982422 190.411987305 5 715 85.7012939453 135.927062988 6 843 164.416564941 262.365966797
-1.30771050518 5.24315763793 -2.52702990278
207 199 186
7 0 604 484.507080078 -524.576904297 1 666 436.530029297 -471.320068359 2 597 391.385192871 -496.901855469 3 613 498.38269043 -457.197875977 4 794 448.659606934 -566.185791016 8 926 387.298706055 -401.806274414 11 657 367.328857422 -365.070556641
-1.28065739891 5.51124102944 -2.47317364916
196 184 175
2 0 687 498.436645508 -488.002563477 1 668 449.625366211 -429.12878418
-2.50839699041 3.09558450043 -0.495521923333
135 135 122
4 0 938 71.0960083008 23.3416748047 1 674 113.032653809 -84.4293823242 2 780 167.541687012 -122.445983887 3 704 274.909301758 11.2897949219
-1.32111677444 5.14762475438 -2.55042900552
215 204 193
9 0 641 477.425170898 -539.674560547 1 676 430.527282715 -487.16784668 2 675 387.55078125 -513.131958008 3 650 500.647705078 -472.185180664 5 644 408.516906738 -649.663085938 7 810 390.485473633 -230.281555176 8 929 395.415344238 -413.215820313 4 843 448.787536621 -579.267578125 11 779 372.596374512 -377.989135742
-2.77271936481 3.05686936 -0.183334917642
136 138 124
3 0 885 -3.91674804688 150.578735352 1 689 34.4048461914 53.6298217773 2 543 95.6248779297 13.6550292969
-2.75035595126 3.01309472371 -0.317385611039
83 85 72
4 0 998 -11.1206665039 101.650634766 1 699 27.2149047852 -1.80676269531 2 626 88.9950561523 -40.3067016602 5 1252 -38.6422729492 170.960510254
-2.20637110946 3.35218634382 -0.536280209539
105 103 91
4 0 715 202.668762207 -7.30047607422 1 722 243.426269531 -104.393493652 2 718 282.72668457 -142.668395996 3 605 378.175598145 -5.96905517578
-1.98457480501 5.09485007592 -2.6027941134
159 154 142
3 0 868 299.835998535 -493.298950195 1 724 268.19921875 -440.392944336 2 566 232.194580078 -474.522338867
-2.78963793193 2.98721206172 -1.18978756517
123 114 104
4 0 606 -71.6828613281 -203.84375 1 726 -44.7197265625 -301.89642334 5 531 -130.54675293 -110.205993652 6 476 -50.1793518066 33.4778442383
-2.62651526643 3.09337815698 -0.28130327966
136 138 125
6 0 999 43.3193359375 107.085510254 1 733 85.1841430664 5.40667724609 2 662 143.794921875 -33.6939697266 3 731 235.210144043 96.4542236328 5 1206 12.7264404297 168.172302246 6 1847 90.6564331055 292.558807373
-1.45318801778 5.09830444699 -2.56830948247
206 195 185
8 0 849 438.319335938 -537.103881836 1 740 395.93560791 -484.745849609 2 642 355.934997559 -510.110595703 3 641 469.256347656 -476.253540039 4 780 413.395996094 -577.423950195 7 777 369.572631836 -238.387939453 8 1038 373.293273926 -421.793945313 11 861 352.014770508 -388.65637207
-2.43726038034 3.14588266461 -0.494520091882
125 127 114
7 0 717 102.422119141 19.8354492188 1 741 144.278869629 -86.2965698242 2 1096 196.227539063 -125.244506836 3 657 300.74432373 10.08203125 4 712 234.416503906 135.797180176 5 840 58.7231445313 86.5570068359 6 866 139.009277344 221.051574707
-3.05217075615 2.72010319427 -0.908399279318
195 191 180
2 0 797 -190.595306396 -96.7365112305 1 747 -163.844787598 -214.873168945
-1.50877432581 5.3072163314 -2.52051530536
161 132 124
3 0 588 432.704528809 -496.830810547 1 760 388.744812012 -442.546264648 2 783 345.184020996 -470.995849609
-1.5091068594 5.3146174033 -2.52447152871
161 132 124
5 0 589 432.704528809 -496.830810547 1 761 388.744812012 -442.546264648 2 784 345.184020996 -470.995849609 3 671 443.912963867 -442.572265625 4 881 390.057373047 -546.058837891
-2.40193941549 3.20589290087 -0.688010934014
157 153 142
7 0 435 109.617248535 -50.5318603516 1 766 148.184143066 -150.598022461 2 879 195.923522949 -187.570861816 3 634 310.117858887 -58.8716430664 4 313 236.316162109 58.2145385742 5 364 59.0531005859 16.6149902344 6 357 141.990905762 153.528930664
-3.13981107089 2.70828732093 -0.73346932982
186 179 156
7 0 946 -211.851623535 -27.1687011719 1 771 -187.261535645 -142.993469238 2 634 -123.404327393 -179.894104004 3 709 7.31982421875 -80.7706298828 4 1027 -70.2993469238 130.668701172 5 1166 -239.550537109 84.954284668 6 1359 -158.187927246 233.164367676
-3.14110894548 2.83042828094 -0.441708577489
105 108 94
2 0 1257 -172.478942871 79.5953979492 1 776 -148.169769287 -23.1569824219
-1.63962864655 5.22022112838 -2.55233771231
160 128 122
5 0 691 394.892822266 -500.721435547 1 783 354.170471191 -448.153198242 2 671 313.51953125 -476.596435547 3 681 415.300415039 -454.51171875 4 791 357.276367188 -550.666625977
-2.57710912321 3.04520887362 -0.479484099985
192 191 179
2 0 1033 42.2658081055 33.2421264648 1 787 82.6065673828 -76.5606689453
-3.02515898517 2.91877886388 -0.256568780798
124 126 112
4 0 959 -110.81842041 139.233764648 1 788 -81.4918518066 41.1880493164 2 789 -16.2610473633 3.43298339844 3 646 74.634765625 114.755432129
-2.33272620039 3.23706876759 -0.692814550304
113 111 99
7 0 1004 137.255310059 -56.5886230469 1 793 175.821838379 -156.417419434 2 766 220.096496582 -192.830810547 5 832 85.4512939453 9.22180175781 3 841 332.933044434 -64.0286865234 4 1052 261.781616211 51.7145385742 6 972 167.967834473 144.994384766
-1.11934339385 4.42562975544 -2.6722123074
226 222 212
4 0 769 520.609375 -697.425415039 1 811 471.319213867 -656.167358398 2 796 442.153015137 -674.842895508 11 813 489.195068359 -485.151611328
-3.04078926983 2.86298373748 -0.352917679725
126 129 115
3 0 1537 -131.447631836 106.084716797 1 814 -102.020263672 2.14508056641 2 932 -36.208984375 -34.5064086914
-2.22477340663 3.4274558157 -0.170305309819
191 185 173
2 0 795 225.346130371 121.587768555 1 818 272.741943359 31.2886962891
-3.30892790418 2.79598447022 -0.441099079835
117 118 105
2 0 1190 -229.092895508 89.2075805664 1 833 -212.467773438 -8.71881103516
-1.38947731339 5.72780382702 -2.42016268165
160 142 132
2 0 1104 477.448242188 -446.748046875 1 844 428.618469238 -385.475219727
-2.4368511589 3.17346573165 -0.344854728086
102 104 91
2 0 942 114.387451172 73.5589599609 1 846 158.794189453 -30.4131469727
-1.9966852594 4.85867182685 -2.65806882476
176 165 158
2 0 865 282.877563477 -528.846557617 1 862 251.366516113 -482.43762207
-3.36932256198 2.5609952856 -1.10628638815
192 184 174
7 0 814 -332.774414063 -150.734924316 1 873 -314.036437988 -268.920288086 2 660 -258.544219971 -309.750854492 3 442 -111.160888672 -242.793518066 4 632 -212.524658203 6.74237060547 5 853 -372.856781006 -16.6416625977 6 957 -294.435913086 143.258666992
-1.52485283112 5.77826116527 -2.4266900115
140 113 103
2 0 1112 444.757751465 -433.096557617 1 877 398.987854004 -370.225097656
-2.4448016385 3.13199956675 -0.60604554066
180 179 169
3 0 913 91.1900634766 -19.9153442383 1 884 131.21661377 -126.80078125 5 1293 45.4982299805 52.051574707
-2.9053324864 2.83202157039 -1.12226713116
171 162 153
4 0 738 -133.191101074 -180.760192871 1 905 -104.738494873 -289.818603516 2 1297 -50.9565124512 -327.580566406 6 622 -103.880187988 81.3767700195
-2.38899284883 3.18214571568 -0.552737069873
71 71 58
6 0 749 119.001281738 -4.05291748047 1 909 161.489807129 -108.265808105 2 803 211.353088379 -145.844970703 4 792 248.82220459 108.878540039 5 804 71.8897094727 61.5434570313 6 939 153.663391113 196.866638184
-1.52188416224 6.13170650812 -2.31822442951
166 134 121
3 0 1092 457.943664551 -384.817138672 1 912 410.387695313 -316.53527832 2 703 353.763977051 -347.858032227
-3.05395778681 2.81277709625 -0.618030236254
181 179 167
3 0 1124 -158.286773682 10.5169067383 1 920 -131.047546387 -98.9876708984 2 706 -67.6500549316 -134.909667969
-2.86098472933 2.87762627198 -0.506884606082
183 181 169
5 0 872 -79.460357666 39.3011474609 1 928 -44.7919311523 -73.0472412109 2 957 19.3101196289 -109.525146484 3 738 133.705627441 10.3111572266 4 1054 65.8009033203 183.578491211
-2.947011568 2.76205852956 -0.865599260649
167 164 152
3 0 1223 -147.411895752 -87.7604370117 1 936 -116.924438477 -206.529052734 2 898 -54.8771362305 -243.86541748
-2.10954623872 3.52198248021 -0.328661846145
75 72 61
4 0 1128 263.830932617 59.9438476563 1 943 307.786254883 -27.5065307617 2 859 338.657165527 -68.795715332 5 1242 211.541564941 88.4935302734
-2.7585065533 3.24659937055 -0.0186590050704
159 159 145
3 0 1395 37.6950683594 201.605834961 1 944 75.2598876953 123.373413086 2 785 128.805175781 82.1371459961
-2.30003410453 3.30870660728 -0.29522994977
100 98 85
3 0 1007 179.277587891 82.2278442383 1 947 225.615234375 -15.0834960938 2 1257 271.789611816 -54.5071411133
-3.08365215673 2.87126236913 -0.322759134923
128 130 117
3 0 1193 -141.006866455 118.335632324 1 948 -114.204589844 18.905456543 5 2561 -155.140045166 197.467895508
-2.63268831277 3.09735666485 -0.255410363101
86 88 74
5 0 893 43.5834350586 116.31842041 1 955 85.1698608398 16.0141601563 2 946 144.135131836 -23.3417358398 5 1317 13.7648925781 175.426818848 6 1746 90.0709838867 298.13458252
-1.29305553196 5.40700022833 -2.49112785291
200 187 175
4 0 916 493.286865234 -500.878417969 1 958 443.595031738 -444.358032227 2 956 395.748291016 -470.704101563 3 915 493.373291016 -432.642089844
-2.58468031853 3.14635184979 -0.237565729124
136 138 124
4 0 1274 67.8818359375 120.462280273 1 959 109.822387695 21.2730712891 2 767 165.624084473 -18.817565918 3 794 251.953674316 112.280700684
-2.42363541066 3.15789296149 -0.514248724047
71 73 60
7 0 1167 109.366516113 12.5361328125 1 964 148.183837891 -94.1268920898 2 928 198.052124023 -132.249755859 3 805 305.769348145 3.38061523438 4 944 239.223754883 127.055969238 5 867 63.6984863281 78.7497558594 6 1152 145.147949219 213.199310303
-2.00012850389 4.94608259932 -2.61759285401
161 150 143
5 0 1114 287.40045166 -512.504272461 1 978 257.20703125 -462.6015625 2 948 224.945617676 -491.746826172 3 786 334.963867188 -487.301269531 4 1006 262.740661621 -561.895019531
-3.24000958755 2.66605673269 -0.758806735693
186 182 171
5 0 1287 -253.156280518 -30.1323852539 1 979 -231.529449463 -146.156494141 2 691 -168.0184021 -182.665588379 3 751 -38.0030517578 -89.8372802734 5 1707 -278.311981201 85.0563964844
-3.2398838626 2.6654567196 -0.758647008023
186 182 171
4 0 1286 -253.156280518 -30.1323852539 1 980 -231.529449463 -146.156494141 2 692 -168.0184021 -182.665588379 3 750 -38.0030517578 -89.8372802734
-2.6213965336 3.08613729437 -0.315981098234
84 86 73
4 0 958 42.1079101563 94.2692871094 1 1003 83.514465332 -8.44708251953 2 710 142.18157959 -47.1663818359 3 730 235.382446289 82.4870605469
-3.2112154325 2.86141323054 -0.29206419223
96 99 85
4 0 1510 -180.286437988 135.852905273 1 1010 -159.056640625 41.8125610352 2 685 -93.07421875 6.39019775391 5 1345 -188.205810547 212.521209717
-2.38990040366 3.21553737856 -0.315850618822
94 93 80
3 0 953 137.250061035 80.9221191406 1 1012 182.384399414 -21.0173950195 5 947 96.2129516602 135.07989502
-2.49764699314 3.10217489313 -0.527641055911
78 77 65
4 0 1164 74.2125244141 11.485168457 1 1021 115.277282715 -96.4780883789 2 1167 168.565063477 -134.378601074 5 1461 32.2274169922 83.5939941406
-2.68634281598 3.0609363204 -0.274465126849
100 102 89
5 0 1103 18.778503418 112.511901855 1 1031 60.2621459961 11.2794799805 2 876 120.088195801 -27.0969238281 3 859 211.00958252 99.7003173828 5 1399 -8.52996826172 176.45880127
-2.17508897149 4.85115956863 -2.65909215443
133 109 103
2 0 995 238.097717285 -512.779296875 1 1033 209.644165039 -466.597290039
-3.10355166809 2.84950643826 -0.392279837695
127 131 117
2 0 1220 -154.666351318 95.3052368164 1 1037 -129.197113037 -7.16949462891
-2.46298379807 3.24209815528 -0.171153813888
112 114 100
6 0 1009 124.458312988 136.503662109 1 1045 170.119140625 41.059753418 2 984 220.998291016 -1.03625488281 3 1113 295.600280762 133.58203125 5 1565 88.4979858398 180.010742188 4 2122 241.418579102 239.374450684
-1.41753676624 5.11598439962 -2.5437027447
184 139 130
4 0 693 451.018554688 -530.979980469 1 1052 405.953186035 -481.187011719 2 958 365.120605469 -507.237670898 3 885 475.189697266 -468.802612305
-2.45998797942 3.17486270768 -0.289500833484
133 135 121
3 0 753 110.133300781 94.9215087891 1 1062 154.679260254 -7.90307617188 5 1082 71.8572998047 150.294067383
-3.28070781754 2.93629889731 -0.133388938633
101 103 89
4 0 1735 -178.795227051 193.10369873 1 1068 -159.037445068 112.44519043 2 891 -96.7895202637 76.1112670898 3 770 -22.5308837891 167.746643066
-2.39266074582 3.18614679607 -0.447634306103
133 135 122
5 0 1006 125.137451172 33.9356689453 1 1075 168.164733887 -70.1948852539 3 748 318.589782715 27.5833740234 4 1261 252.859313965 146.191101074 5 1189 80.5103759766 95.8082275391
-2.55652461886 3.18708376667 -0.187868995499
140 141 127
4 0 1392 84.8806762695 135.579345703 1 1108 128.579101563 40.0462646484 2 1215 183.077819824 -0.982116699219 5 1709 52.43359375 184.202270508
-3.10398209856 2.72589894107 -1.19818138071
128 120 109
4 0 632 -219.019256592 -197.085876465 1 1117 -195.0652771 -307.081542969 2 810 -141.254180908 -347.315185547 3 479 12.2860717773 -274.040344238
-1.61761866449 5.17152215486 -2.55987617725
187 176 160
