# Camera parameter file. 

# The format of each camera is as follows:
# Filename (of the undistorted image in visualize folder)
# Original filename
# Focal Length (of the undistorted image)
# 2-vec Principal Point (image center)
# 3-vec Translation T (as in P = K[R T])
# 3-vec Camera Position C (as in P = K[R -RC])
# 3-vec Axis Angle format of R
# 4-vec Quaternion format of R
# 3x3 Matrix format of R
# [Normalized radial distortion] = [radial distortion] * [focal length]^2
# 3-vec Lat/Lng/Alt from EXIF

# The nubmer of cameras in this reconstruction
20

00000000.jpg
C:\Users\64851\Desktop\dog\00f9fb035dfb6871a9475f09becc67c.jpg
1209.94714355
540 720
1.1185699839 -0.0143102864077 -0.599801447306
-1.24622307964 0.0427162756717 -0.237199651698
1.60854653537 0.490430088367 -0.228684144908
0.661061981301 0.711168570884 0.216828333775 -0.101105546493
0.885528140501 0.442077637975 0.142868202129
0.174729506433 -0.0319659002355 -0.984097963697
-0.430479669581 0.896408054335 -0.105550467777
-0.0828309781992
0 0 0

00000001.jpg
C:\Users\64851\Desktop\dog\2da9982d05e74b2307aa3a9c159c5c0.jpg
1212.98010254
540 720
1.49334604604 1.0377291202 -0.605169030047
-1.82308922671 0.198099645718 0.557042902342
1.79993714327 0.475770352551 -0.115257093425
0.595699630314 0.775053486257 0.204866859812 -0.0496297397988
0.91113318102 0.376694342007 0.167146954536
0.258436671404 -0.206343177198 -0.94373251372
-0.321009496079 0.903063787226 -0.285357805598
-0.0778442656539
0 0 0

00000002.jpg
C:\Users\64851\Desktop\dog\fab79bcb120ae103477d4aaf99f81c5.jpg
1212.81591797
540 720
2.05673730592 1.05453363623 -0.398369926753
-2.29722548001 2.22044604925e-016 0.472923507036
1.7634268273 0.402747906363 -0.00837877865821
0.618136260593 0.766329920609 0.175021592238 -0.00364115407827
0.938709226258 0.272750126066 0.210794019499
0.263747208602 -0.174550434883 -0.948666796378
-0.221954750696 0.946118449645 -0.235789044735
-0.0665111758915
0 0 0

00000003.jpg
C:\Users\64851\Desktop\dog\c2f674d8e95cb0a9b8af754dfe7b9c7.jpg
1213.19311523
540 720
2.74580800217 -0.16111873049 -0.306621202732
-2.74482419139 -0.122407258781 -0.332248385083
1.63575230658 0.166122556219 -0.0712077509086
0.680131875053 0.728655127108 0.0740002333055 -0.0317198958427
0.987035961359 0.15098892429 0.0544342068688
0.064694075346 -0.0638893517957 -0.995857581184
-0.146885462861 0.986468730283 -0.07282913971
-0.0648165093234
0 0 0

00000004.jpg
C:\Users\64851\Desktop\dog\d0cb6082c8d3e05f17bbf8fe238a65e.jpg
1204.91662598
540 720
2.52867533617 -1.04988314797 -0.226098436356
-2.33472490812 -0.0303026173134 -1.44765673957
1.39307899202 0.276454452246 -0.0169881749653
0.758249056729 0.639448889537 0.126897680253 -0.00779788488596
0.96767264176 0.174114330636 0.182467148042
0.150463375199 0.182089295118 -0.97170239435
-0.202413037368 0.967743674921 0.150004591241
-0.0756422198141
0 0 0

00000005.jpg
C:\Users\64851\Desktop\dog\20e5ed2f64b40612474b96a859689fc.jpg
1209.55322266
540 720
1.07667352044 -1.0015793955 -0.271856450423
-0.890763445695 2.22044604925e-016 -1.20117953476
1.35673288636 0.527720658884 -0.187588260287
0.742572025162 0.61909073979 0.240804196902 -0.0855983930249
0.869372871783 0.425285283582 0.251642603645
0.171033395346 0.218799575646 -0.960663796438
-0.463615236998 0.878214061183 0.117480402786
-0.103059230125
0 0 0

00000006.jpg
C:\Users\64851\Desktop\dog\1d700a4d297a58a8cfda2ad66998580.jpg
1216.98718262
540 720
1.48690387768 -2.14704818529 0.010819581009
-1.15432449954 0.262870485889 -2.32792745543
1.16064243606 0.455705223494 -0.20397121994
0.807003509344 0.542484078659 0.212996544522 -0.0953361137626
0.891086888226 0.384967473597 0.240341268762
0.0772211601028 0.393244471907 -0.91618580807
-0.44721456687 0.834960412896 0.320687296244
-0.0982897863432
0 0 0

00000007.jpg
C:\Users\64851\Desktop\dog\c0b92036e4841da94f099813a38ad29.jpg
1243.70959473
540 720
4.1719731857 0.0238395395029 1.26326700338
-4.31048742892 -0.496809761445 0.417909770219
1.83554220297 -0.164217468072 0.10503289033
0.603484810538 0.792915649537 -0.0709384944408 0.0453720008854
0.985818241685 -0.167259169807 -0.0136681082263
-0.0577339163746 -0.261547663132 -0.963462261661
0.157573107283 0.950587940472 -0.267494912354
-0.107905799531
0 0 0

00000008.jpg
C:\Users\64851\Desktop\dog\69108d1a9de4cf7536f751a5412a065.jpg
1232.765625
540 720
4.09506593126 -0.598436804216 1.24552298009
-4.24907245315 -0.504287685617 -0.608358659191
1.55841725255 -0.137539538254 0.138641811039
0.707174064134 0.701552479309 -0.0619161549364 0.0624123649238
0.984542107899 -0.175147680366 -6.93889390391e-018
0.00139794265568 0.00785756864489 -0.999968077648
0.175141995688 0.984510794337 0.00798095139233
-0.102939554945
0 0 0

00000009.jpg
C:\Users\64851\Desktop\dog\97c71cdf451e543d485b9e7a583c7c9.jpg
1224.98632813
540 720
4.07978252295 -1.57469124566 1.19484126282
-4.1373930266 -0.0271941011016 -1.85287952957
1.3369437511 -0.116807953263 0.167301842745
0.779948811535 0.618679443786 -0.0540536424926 0.0774200193004
0.982168679963 -0.187651106996 0.0114781767317
0.0538835011737 0.2224839303 -0.973446297711
0.180114473617 0.956706889897 0.228627984195
-0.10490704712
0 0 0

00000010.jpg
C:\Users\64851\Desktop\dog\f277b196e0f538efcdafca3bc7eaa0d.jpg
1295.14819336
540 720
4.14786815541 -2.08029779201 1.5686075089
-4.2793247488 0.0335873511337 -2.38311362021
1.27270918409 -0.153729475914 0.180887193695
0.797697142624 0.592833987558 -0.0716079206082 0.0842581146404
0.975545737863 -0.219328113814 -0.0143406987788
0.0495217153516 0.282896854252 -0.957871046845
0.214145035855 0.933736864857 0.286840333285
0
0 0 0

00000011.jpg
C:\Users\64851\Desktop\dog\59e16e928c963487d1d193ccd724e47.jpg
1372.6550293
540 720
4.14479713695 0.726816890866 1.46862875487
-4.27578079271 -0.3053237039 1.22022668966
1.84794717765 -0.215410295807 0.123786775206
0.595999417152 0.795824791165 -0.0927671828227 0.0533091993749
0.97710474118 -0.211197344317 -0.0257288320542
-0.0841083372919 -0.272357880804 -0.958512898328
0.195427915518 0.938731548429 -0.283885639397
0
0 0 0

00000012.jpg
C:\Users\64851\Desktop\dog\2f473ee3beb3a28ab658183e2f4f90e.jpg
1375.26794434
540 720
5.00395363058 -0.824837270349 2.75792984428
-5.74758481669 -0.437639447 -0.315950661659
1.55892996556 -0.404748726669 0.265474535829
0.685013479431 0.695763210252 -0.180642671342 0.118483459405
0.906659812186 -0.41369459465 -0.0826124752496
-0.0890435275232 0.00375046699394 -0.996020689374
0.412358184069 0.910408020686 -0.0334364111724
0
0 0 0

00000013.jpg
C:\Users\64851\Desktop\dog\fafacd1876b8b43c9e0a0a9e8317e75.jpg
1457.45654297
540 720
5.26475163249 -1.05861831283 3.7724235858
-6.43918384545 2.22044604925e-016 -1.26742798298
1.41857169956 -0.465251412038 0.468460934368
0.709261792866 0.639113302545 -0.209611094423 0.211057090008
0.823036185067 -0.567319920705 -0.0275594945647
0.0314589995205 0.0939782019814 -0.995077125707
0.567117067974 0.818117461523 0.0951947762272
0
0 0 0

00000014.jpg
C:\Users\64851\Desktop\dog\74ca43d9b884acd684278be102768bd.jpg
1445.5715332
540 720
5.47371676356 -1.16498662586 4.42808160709
-7.13394892349 -0.0123732816922 -0.182473480819
1.49948674963 -0.643761906982 0.407846516214
0.666706247932 0.664433805923 -0.285255721045 0.180719845018
0.771939008481 -0.620041177764 -0.140210789685
-0.138092978568 0.0517360942575 -0.989067093631
0.620516296231 0.782861585353 -0.0456862186119
0
0 0 0

00000015.jpg
C:\Users\64851\Desktop\dog\659e6d09e8372faa911dad58b3e2ae0.jpg
1256.21264648
540 720
5.26192741151 -1.72214126884 4.17044376665
-6.84939151805 1.05363314467 -0.148138952113
1.4730873878 -0.82397663834 0.444431283111
0.642758111206 0.646546818601 -0.361648248795 0.19506353429
0.662321533357 -0.718402344825 -0.212669271338
-0.216887669364 0.0878548728497 -0.972235174631
0.717140109929 0.69005767309 -0.0976244481208
0
0 0 0

00000016.jpg
C:\Users\64851\Desktop\dog\a8a3291fecf6b1c7e815abaab346fbf.jpg
1141.27124023
540 720
5.24067536896 -1.33939164385 3.38619508141
-6.17737190196 1.36471389194 0.838212486292
1.66632565894 -0.890308091613 0.374818417202
0.57102758498 0.710219302142 -0.379466035419 0.159754651359
0.660967921668 -0.721456838996 -0.206449478825
-0.356559587977 -0.0598660093708 -0.932352565045
0.660292816325 0.689866686588 -0.296811901064
0
0 0 0

00000017.jpg
C:\Users\64851\Desktop\dog\c87a05e14e2c71ef07e98da1215edd1.jpg
1182.83007813
540 720
5.16806076846 -1.24554290719 3.1771265874
-6.01815918236 1.09549331308 0.967479217376
1.67079489027 -0.852668082407 0.311826450499
0.58105874937 0.715104404257 -0.364944078205 0.133462503036
0.698007168898 -0.677045352701 -0.233228636865
-0.366847132292 -0.05837311471 -0.928448030278
0.614987161823 0.733622652949 -0.289116973309
0
0 0 0

00000018.jpg
C:\Users\64851\Desktop\dog\91377d04adb6bcd4d1b827d5e898fd3.jpg
1643.35290527
540 720
4.12474355904 -2.21626364804 3.51967636714
-4.77938561428 -0.886426180883 -3.26881897519
1.08783429708 -0.212712429023 0.207932445978
0.845184973085 0.515547386218 -0.100808861325 0.0985435275591
0.960253498828 -0.27051853091 -0.068796557049
0.0626315038413 0.449000134112 -0.891333919898
0.272011981935 0.851597695082 0.448096921973
0
0 0 0

00000019.jpg
C:\Users\64851\Desktop\dog\ebe50b96b6ffdeee242d7eabeba990d.jpg
834.39050293
540 720
4.93494244828 -2.00530570927 2.1423786946
-5.14340109184 1.03534087395 -2.33199276355
1.07330162049 -0.290453691761 0.305837020275
0.838320407519 0.507404613308 -0.137312327065 0.144584813855
0.920481094977 -0.38176261909 -0.083497456501
0.103070981197 0.443271575563 -0.890441839492
0.37694944743 0.811028729331 0.447371752113
0
0 0 0

